
Input-1:
5 1 2
43 
47 
50 
93 
97

Input-2:
9 3 3
1 1 1
2 2 2
3 3 3
4 4 4
5 5 5
6 6 6
7 7 7
8 8 8
9 9 9

Input-3:
10 4 2
69 28 76 23
59 11 84 91
15 90 63 14
78 84 21 87
11 21 68 67
54 47 63 95
13 29 24 30
22 75 15 53
62 29 97 21
36 35 62 88

Input-4:
20 5 4
97 78 14 40 100
35 59 35 82 62
72 29 49 69 65
92 63 87 39 23
99 81 31 48 56
50 34 52 69 30
61 96 31 100 56
40 48 41 40 60
78 28 18 37 87
62 65 75 58 90
30 59 61 73 49
97 92 82 25 81
72 42 21 51 32
76 98 51 49 18
43 81 15 72 44
32 63 63 31 19
26 11 62 76 74
15 65 54 57 95
22 97 79 35 83
26 50 21 83 93

Input-5:
30 6 4
16 59 77 41 74 28
49 90 66 33 63 85
67 60 78 12 91 50
10 20 90 80 70 50
89 31 68 34 68 87
91 40 56 16 19 83
16 87 86 30 52 93
93 34 26 40 38 83
82 59 72 92 88 89
76 10 24 15 68 51
26 83 52 95 37 55
27 90 73 86 94 97
53 40 55 77 16 100
47 13 31 79 12 18
33 95 18 73 12 58
20 66 93 12 17 10
48 31 18 52 85 80
44 34 77 64 98 39
29 54 99 11 63 47
38 81 75 75 57 90
15 52 39 81 33 18
51 46 78 24 60 32
89 21 73 67 56 66
75 31 27 28 54 62
27 69 27 98 38 56
30 43 10 38 81 20
100 60 53 51 83 25
80 14 85 26 86 28
75 14 75 39 97 71
70 64 80 51 70 29
